// Skill Requirements Database
//
// Structure of Database:
// SkillID,HPCost,MaxHPTrigger,SPCost,HPRateCost,SPRateCost,ZenyCost,RequiredWeapons,RequiredAmmoTypes,RequiredAmmoAmount,RequiredState,SpiritSphereCost,RequiredItemID1,RequiredItemAmount1,RequiredItemID2,RequiredItemAmount2,RequiredItemID3,RequiredItemAmount3,RequiredItemID4,RequiredItemAmount4,RequiredItemID5,RequiredItemAmount5,RequiredItemID6,RequiredItemAmount6,RequiredItemID7,RequiredItemAmount7,RequiredItemID8,RequiredItemAmount8,RequiredItemID9,RequiredItemAmount9,RequiredItemID10,RequiredItemAmount10
//
// If HP/SPratecost is positive, it is a percent of your current life, otherwise it is a percent of your max life.
//
// Legend for 'RequiredState' field:
//  none = Nothing special
//  move_enable = Requires to be able to move
//  recover_weight_rate = Requires to be less than 50% weight
//  water = Requires to be standing on a water cell
//  cart = Requires a Pushcart
//  riding = Requires to ride a Peco
//  falcon = Requires a Falcon
//  sight = Requires Sight skill activated
//  hiding = Requires Hiding skill activated
//  cloaking = Requires Cloaking skill activated
//  explosionspirits = Requires Fury skill activated
//  cartboost = Requires a Pushcart and Cart Boost skill activated
//  shield = Requires a 0,shield equipped

5,0,0,8:8:8:8:8:15:15:15:15:15,0,0,0,0:1:2:3:4:5:6:7:8:9:10:12:13:14:15:16:17:18:19:20:21:22,0,0,none,0,0,0,0,0,0,0,0,0,0,0,0,0,0,0,0,0,0,0,0,0	//SM_BASH#バッシュ#
6,0,0,4:5:6:7:8:9:10:11:12:13,0,0,0,99,0,0,none,0,0,0,0,0,0,0,0,0,0,0,0,0,0,0,0,0,0,0,0,0	//SM_PROVOKE#プロボック#
7,20:20:19:19:18:18:17:17:16:16,0,30,0,0,0,99,0,0,none,0,0,0,0,0,0,0,0,0,0,0,0,0,0,0,0,0,0,0,0,0	//SM_MAGNUM#マグナムブレイク#
8,0,0,10,0,0,0,99,0,0,none,0,0,0,0,0,0,0,0,0,0,0,0,0,0,0,0,0,0,0,0,0	//SM_ENDURE#インデュア#

10,0,0,10,0,0,0,99,0,0,none,0,0,0,0,0,0,0,0,0,0,0,0,0,0,0,0,0,0,0,0,0	//MG_SIGHT#サイト#
11,0,0,9:9:9:12:12:12:15:15:15:18,0,0,0,99,0,0,none,0,0,0,0,0,0,0,0,0,0,0,0,0,0,0,0,0,0,0,0,0	//MG_NAPALMBEAT#ナパ?ムビ?ト#
12,0,0,30:30:30:35:35:35:40:40:40:40,0,0,0,99,0,0,none,0,717,1,0,0,0,0,0,0,0,0,0,0,0,0,0,0,0,0,0,0	//MG_SAFETYWALL#セイフティウォ?ル#
13,0,0,18:14:24:20:30:26:36:32:42:38,0,0,0,99,0,0,none,0,0,0,0,0,0,0,0,0,0,0,0,0,0,0,0,0,0,0,0,0	//MG_SOULSTRIKE#ソウルストライク#
14,0,0,12:14:16:18:20:22:24:26:28:30,0,0,0,99,0,0,none,0,0,0,0,0,0,0,0,0,0,0,0,0,0,0,0,0,0,0,0,0	//MG_COLDBOLT#コ?ルドボルト#
15,0,0,25:24:23:22:21:20:19:18:17:16,0,0,0,99,0,0,none,0,0,0,0,0,0,0,0,0,0,0,0,0,0,0,0,0,0,0,0,0	//MG_FROSTDIVER#フロストダイバ?#
16,0,0,25:24:23:22:21:20:19:18:17:16,0,0,0,99,0,0,none,0,716,1,0,0,0,0,0,0,0,0,0,0,0,0,0,0,0,0,0,0	//MG_STONECURSE#スト?ンカ?ス#
17,0,0,25,0,0,0,99,0,0,none,0,0,0,0,0,0,0,0,0,0,0,0,0,0,0,0,0,0,0,0,0	//MG_FIREBALL#ファイア?ボ?ル#
18,0,0,40,0,0,0,99,0,0,none,0,0,0,0,0,0,0,0,0,0,0,0,0,0,0,0,0,0,0,0,0	//MG_FIREWALL#ファイア?ウォ?ル#
19,0,0,12:14:16:18:20:22:24:26:28:30,0,0,0,99,0,0,none,0,0,0,0,0,0,0,0,0,0,0,0,0,0,0,0,0,0,0,0,0	//MG_FIREBOLT#ファイア?ボルト#
20,0,0,12:14:16:18:20:22:24:26:28:30,0,0,0,99,0,0,none,0,0,0,0,0,0,0,0,0,0,0,0,0,0,0,0,0,0,0,0,0	//MG_LIGHTNINGBOLT#ライトニングボルト#
21,0,0,29:34:39:44:49:54:59:64:69:74,0,0,0,99,0,0,none,0,0,0,0,0,0,0,0,0,0,0,0,0,0,0,0,0,0,0,0,0	//MG_THUNDERSTORM#サンダ?スト?ム#

24,0,0,10,0,0,0,99,0,0,none,0,0,0,0,0,0,0,0,0,0,0,0,0,0,0,0,0,0,0,0,0	//AL_RUWACH#ルアフ#
25,0,0,10,0,0,0,99,0,0,none,0,0,0,0,0,0,0,0,0,0,0,0,0,0,0,0,0,0,0,0,0	//AL_PNEUMA#ニュ?マ#
26,0,0,10:9,0,0,0,99,0,0,none,0,0,0,0,0,0,0,0,0,0,0,0,0,0,0,0,0,0,0,0,0	//AL_TELEPORT#テレポ?ト#
27,0,0,35:32:29:26,0,0,0,99,0,0,none,0,717,1,0,0,0,0,0,0,0,0,0,0,0,0,0,0,0,0,0,0 //AL_WARP#ワ?プポ?タル#
28,0,0,13:16:19:22:25:28:31:34:37:40,0,0,0,99,0,0,none,0,0,0,0,0,0,0,0,0,0,0,0,0,0,0,0,0,0,0,0,0	//AL_HEAL#ヒ?ル#
29,15,0,18:21:24:27:30:33:36:39:42:45,0,0,0,99,0,0,none,0,0,0,0,0,0,0,0,0,0,0,0,0,0,0,0,0,0,0,0,0	//AL_INCAGI#速度?加#
30,0,0,15:17:19:21:23:25:27:29:31:33,0,0,0,99,0,0,none,0,0,0,0,0,0,0,0,0,0,0,0,0,0,0,0,0,0,0,0,0		//AL_DECAGI#速度減少#
31,0,0,10,0,0,0,99,0,0,water,0,0,0,0,0,0,0,0,0,0,0,0,0,0,0,0,0,0,0,0,0	//AL_HOLYWATER#アクアベネディクタ#
32,0,0,35,0,0,0,99,0,0,none,0,0,0,0,0,0,0,0,0,0,0,0,0,0,0,0,0,0,0,0,0	//AL_CRUCIS#シグナムクルシス#
33,0,0,23:26:29:32:35:38:41:44:47:50,0,0,0,99,0,0,none,0,0,0,0,0,0,0,0,0,0,0,0,0,0,0,0,0,0,0,0,0	//AL_ANGELUS#エンジェラス#
34,0,0,28:32:36:40:44:48:52:56:60:64,0,0,0,99,0,0,none,0,0,0,0,0,0,0,0,0,0,0,0,0,0,0,0,0,0,0,0,0	//AL_BLESSING#ブレッシング#
35,0,0,15,0,0,0,99,0,0,none,0,0,0,0,0,0,0,0,0,0,0,0,0,0,0,0,0,0,0,0,0	//AL_CURE#キュア?#

40,0,0,10,0,0,0,99,0,0,none,0,0,0,0,0,0,0,0,0,0,0,0,0,0,0,0,0,0,0,0,0	//MC_IDENTIFY#アイテム鑑定#
41,0,0,30,0,0,0,99,0,0,cart,0,0,0,0,0,0,0,0,0,0,0,0,0,0,0,0,0,0,0,0,0	//MC_VENDING#露店開設#
42,0,0,5,0,0,100:200:300:400:500:600:700:800:900:1000,99,0,0,none,0,0,0,0,0,0,0,0,0,0,0,0,0,0,0,0,0,0,0,0,0	//MC_MAMMONITE#メマ?ナイト#

45,0,0,25:30:35:40:45:50:55:60:65:70,0,0,0,99,0,0,none,0,0,0,0,0,0,0,0,0,0,0,0,0,0,0,0,0,0,0,0,0	//AC_CONCENTRATION#集中力向上#
46,0,0,12,0,0,0,11,1,1,none,0,0,0,0,0,0,0,0,0,0,0,0,0,0,0,0,0,0,0,0,0	//AC_DOUBLE#ダブルストレイフィング#
47,0,0,15,0,0,0,11,1,1,none,0,0,0,0,0,0,0,0,0,0,0,0,0,0,0,0,0,0,0,0,0	//AC_SHOWER#アロ?シャワ?#

50,0,0,10,0,0,0,99,0,0,none,0,0,0,0,0,0,0,0,0,0,0,0,0,0,0,0,0,0,0,0,0	//TF_STEAL#スティ?ル#
51,0,0,10,0,0,0,99,0,0,none,0,0,0,0,0,0,0,0,0,0,0,0,0,0,0,0,0,0,0,0,0	//TF_HIDING#ハイディング#
52,0,0,12,0,0,0,99,0,0,none,0,0,0,0,0,0,0,0,0,0,0,0,0,0,0,0,0,0,0,0,0	//TF_POISON#インベナム#
53,0,0,10,0,0,0,99,0,0,none,0,0,0,0,0,0,0,0,0,0,0,0,0,0,0,0,0,0,0,0,0	//TF_DETOXIFY#解毒#
54,0,0,60,0,0,0,99,0,0,none,0,717,1,0,0,0,0,0,0,0,0,0,0,0,0,0,0,0,0,0,0	//ALL_RESURRECTION#リザレクション#

56,0,0,7,0,0,0,4:5,0,0,none,0,0,0,0,0,0,0,0,0,0,0,0,0,0,0,0,0,0,0,0,0	//KN_PIERCE#ピア?ス#
57,0,0,12,0,0,0,4:5,0,0,riding,0,0,0,0,0,0,0,0,0,0,0,0,0,0,0,0,0,0,0,0,0	//KN_BRANDISHSPEAR#ブランディッシュスピア#
58,0,0,9,0,0,0,4:5,0,0,none,0,0,0,0,0,0,0,0,0,0,0,0,0,0,0,0,0,0,0,0,0	//KN_SPEARSTAB#スピアスタブ#
59,0,0,10,0,0,0,4:5,0,0,none,0,0,0,0,0,0,0,0,0,0,0,0,0,0,0,0,0,0,0,0,0	//KN_SPEARBOOMERANG#スピアブ?メラン#
60,0,0,14:18:22:26:30:34:38:42:46:50,0,0,0,3,0,0,none,0,0,0,0,0,0,0,0,0,0,0,0,0,0,0,0,0,0,0,0,0	//KN_TWOHANDQUICKEN#ツ?ハンドクイッケン#
61,0,0,3,0,0,0,0:1:2:3:4:5:6:7:8:9:10:12:13:14:15:16:17:18:19:20:21:22,0,0,none,0,0,0,0,0,0,0,0,0,0,0,0,0,0,0,0,0,0,0,0,0	//KN_AUTOCOUNTER#オ?トカウンタ?#
62,0,0,13:14:15:16:17:18:19:20:21:22,0,0,0,99,0,0,none,0,0,0,0,0,0,0,0,0,0,0,0,0,0,0,0,0,0,0,0,0	//KN_BOWLINGBASH#ボウリングバッシュ#

66,0,0,13:16:19:22:25,0,0,0,99,0,0,none,0,0,0,0,0,0,0,0,0,0,0,0,0,0,0,0,0,0,0,0,0	//PR_IMPOSITIO#イムポシティオマヌス#	
67,0,0,8,0,0,0,99,0,0,none,0,0,0,0,0,0,0,0,0,0,0,0,0,0,0,0,0,0,0,0,0	//PR_SUFFRAGIUM#サフラギウム#
68,0,0,14:18:22:26:30,0,0,0,99,0,0,none,0,523,1,0,0,0,0,0,0,0,0,0,0,0,0,0,0,0,0,0,0	//PR_ASPERSIO#アスペルシオ#
69,0,0,20,0,0,0,99,0,0,none,0,0,0,0,0,0,0,0,0,0,0,0,0,0,0,0,0,0,0,0,0	//PR_BENEDICTIO#聖?降福#
70,0,0,15:18:21:24:27:30:33:36:39:42,0,0,0,99,0,0,none,0,717,1,0,0,0,0,0,0,0,0,0,0,0,0,0,0,0,0,0,0	//PR_SANCTUARY#サンクチュアリ#
71,0,0,6:8:10:12,0,0,0,99,0,0,none,0,0,0,0,0,0,0,0,0,0,0,0,0,0,0,0,0,0,0,0,0	//PR_SLOWPOISON#スロ?ポイズン#
72,0,0,5,0,0,0,99,0,0,none,0,0,0,0,0,0,0,0,0,0,0,0,0,0,0,0,0,0,0,0,0	//PR_STRECOVERY#リカバリ?#
73,0,0,20:20:20:25:25:25:30:30:30:35,0,0,0,99,0,0,none,0,0,0,0,0,0,0,0,0,0,0,0,0,0,0,0,0,0,0,0,0	//PR_KYRIE#キリエエレイソン#
74,0,0,40,0,0,0,99,0,0,none,0,0,0,0,0,0,0,0,0,0,0,0,0,0,0,0,0,0,0,0,0	//PR_MAGNIFICAT#マグニフィカ?ト#
75,0,0,20,0,0,0,99,0,0,none,0,0,0,0,0,0,0,0,0,0,0,0,0,0,0,0,0,0,0,0,0	//PR_GLORIA#グロリア#
76,0,0,20:20:20:20:20:18:16:14:12:10,0,0,0,99,0,0,none,0,0,0,0,0,0,0,0,0,0,0,0,0,0,0,0,0,0,0,0,0	//PR_LEXDIVINA#レックスディビ?ナ#
77,0,0,20,0,0,0,99,0,0,none,0,0,0,0,0,0,0,0,0,0,0,0,0,0,0,0,0,0,0,0,0	//PR_TURNUNDEAD#タ?ンアンデッド#
78,0,0,10,0,0,0,99,0,0,none,0,0,0,0,0,0,0,0,0,0,0,0,0,0,0,0,0,0,0,0,0	//PR_LEXAETERNA#レックスエ?テルナ#
79,0,0,40:42:44:46:48:50:52:54:56:58,0,0,0,99,0,0,none,0,717,1,0,0,0,0,0,0,0,0,0,0,0,0,0,0,0,0,0,0	//PR_MAGNUS#マグヌスエクソシズム#
80,0,0,75,0,0,0,99,0,0,none,0,717,1,0,0,0,0,0,0,0,0,0,0,0,0,0,0,0,0,0,0	//WZ_FIREPILLAR#ファイア?ピラ?#
81,0,0,35:37:39:41:43:45:47:49:51:53,0,0,0,99,0,0,sight,0,0,0,0,0,0,0,0,0,0,0,0,0,0,0,0,0,0,0,0,0	//WZ_SIGHTRASHER#サイトラッシャ?#

83,0,0,20:24:30:34:40:44:50:54:60:64,0,0,0,99,0,0,none,0,0,0,0,0,0,0,0,0,0,0,0,0,0,0,0,0,0,0,0,0	//WZ_METEOR#メテオスト?ム#
84,0,0,20:23:26:29:32:35:38:41:44:47,0,0,0,99,0,0,none,0,0,0,0,0,0,0,0,0,0,0,0,0,0,0,0,0,0,0,0,0	//WZ_JUPITEL#ユピテルサンダ?#
85,0,0,60:64:68:72:76:80:84:88:92:96,0,0,0,99,0,0,none,0,0,0,0,0,0,0,0,0,0,0,0,0,0,0,0,0,0,0,0,0	//WZ_VERMILION#ロ?ドオブヴァ?ミリオン#
86,0,0,15:20:20:25:25:25:25:25:25:25,0,0,0,99,0,0,water,0,0,0,0,0,0,0,0,0,0,0,0,0,0,0,0,0,0,0,0,0	//WZ_WATERBALL#ウォ?タ?ボ?ル#
87,0,0,20,0,0,0,99,0,0,none,0,0,0,0,0,0,0,0,0,0,0,0,0,0,0,0,0,0,0,0,0	//WZ_ICEWALL#アイスウォ?ル#
88,0,0,45:43:41:39:37:35:33:31:29:27,0,0,0,99,0,0,none,0,0,0,0,0,0,0,0,0,0,0,0,0,0,0,0,0,0,0,0,0	//WZ_FROSTNOVA#フロストノヴァ#
89,0,0,78,0,0,0,99,0,0,none,0,0,0,0,0,0,0,0,0,0,0,0,0,0,0,0,0,0,0,0,0	//WZ_STORMGUST#スト?ムガスト#
90,0,0,12:14:16:18:20,0,0,0,99,0,0,none,0,0,0,0,0,0,0,0,0,0,0,0,0,0,0,0,0,0,0,0,0	//WZ_EARTHSPIKE#ア?ススパイク#
91,0,0,28:32:36:40:44,0,0,0,99,0,0,none,0,0,0,0,0,0,0,0,0,0,0,0,0,0,0,0,0,0,0,0,0	//WZ_HEAVENDRIVE#ヘヴンズドライブ#
92,0,0,5:10:15:20:25,0,0,0,99,0,0,none,0,0,0,0,0,0,0,0,0,0,0,0,0,0,0,0,0,0,0,0,0	//WZ_QUAGMIRE#クァグマイア#
93,0,0,10,0,0,0,99,0,0,none,0,0,0,0,0,0,0,0,0,0,0,0,0,0,0,0,0,0,0,0,0	//WZ_ESTIMATION#モンスタ?情報#

108,0,0,30,0,0,0,99,0,0,none,0,0,0,0,0,0,0,0,0,0,0,0,0,0,0,0,0,0,0,0,0	//BS_REPAIRWEAPON#武器修理#

110,0,0,10,0,0,0,1:2:6:7:8,0,0,none,0,0,0,0,0,0,0,0,0,0,0,0,0,0,0,0,0,0,0,0,0	//BS_HAMMERFALL#ハンマ?フォ?ル#
111,0,0,20:23:26:29:32,0,0,0,6:7:8,0,0,none,0,0,0,0,0,0,0,0,0,0,0,0,0,0,0,0,0,0,0,0,0	//BS_ADRENALINE#アドレナリンラッシュ#
112,0,0,18:16:14:12:10,0,0,0,99,0,0,none,0,0,0,0,0,0,0,0,0,0,0,0,0,0,0,0,0,0,0,0,0	//BS_WEAPONPERFECT#ウェポンパ?フェクション#
113,0,0,18:16:14:12:10,0,0,0,99,0,0,none,0,0,0,0,0,0,0,0,0,0,0,0,0,0,0,0,0,0,0,0,0	//BS_OVERTHRUST#オ?バ?トラスト#
114,0,0,10,0,0,0,99,0,0,none,0,0,0,0,0,0,0,0,0,0,0,0,0,0,0,0,0,0,0,0,0	//BS_MAXIMIZE#マキシマイズパワ?#
115,0,0,10,0,0,0,99,0,0,none,0,1065,1,0,0,0,0,0,0,0,0,0,0,0,0,0,0,0,0,0,0	//HT_SKIDTRAP#スキッドトラップ#
116,0,0,10,0,0,0,99,0,0,none,0,1065,1,0,0,0,0,0,0,0,0,0,0,0,0,0,0,0,0,0,0	//HT_LANDMINE#ランドマイン#
117,0,0,12,0,0,0,99,0,0,none,0,1065,1,0,0,0,0,0,0,0,0,0,0,0,0,0,0,0,0,0,0	//HT_ANKLESNARE#アンクルスネア#
118,0,0,45,0,0,0,99,0,0,none,0,1065,2,0,0,0,0,0,0,0,0,0,0,0,0,0,0,0,0,0,0	//HT_SHOCKWAVE#ショックウェ?ブトラップ#
119,0,0,12,0,0,0,99,0,0,none,0,1065,1,0,0,0,0,0,0,0,0,0,0,0,0,0,0,0,0,0,0	//HT_SANDMAN#サンドマン#
120,0,0,12,0,0,0,99,0,0,none,0,1065,2,0,0,0,0,0,0,0,0,0,0,0,0,0,0,0,0,0,0	//HT_FLASHER#フラッシャ?#
121,0,0,10,0,0,0,99,0,0,none,0,1065,2,0,0,0,0,0,0,0,0,0,0,0,0,0,0,0,0,0,0	//HT_FREEZINGTRAP#フリ?ジングトラップ#
122,0,0,10,0,0,0,99,0,0,none,0,1065,1,0,0,0,0,0,0,0,0,0,0,0,0,0,0,0,0,0,0	//HT_BLASTMINE#ブラストマイン#
123,0,0,15,0,0,0,99,0,0,none,0,1065,2,0,0,0,0,0,0,0,0,0,0,0,0,0,0,0,0,0,0	//HT_CLAYMORETRAP#クレイモアトラップ#
124,0,0,5,0,0,0,99,0,0,none,0,0,0,0,0,0,0,0,0,0,0,0,0,0,0,0,0,0,0,0,0	//HT_REMOVETRAP#リム?ブトラップ#
125,0,0,1,0,0,0,99,0,0,none,0,1065,1,0,0,0,0,0,0,0,0,0,0,0,0,0,0,0,0,0,0	//HT_TALKIEBOX#ト?キ?ボックス#

129,0,0,10:13:16:19:22,0,0,0,99,0,0,falcon,0,0,0,0,0,0,0,0,0,0,0,0,0,0,0,0,0,0,0,0,0	//HT_BLITZBEAT#ブリッツビ?ト#	
130,0,0,8,0,0,0,99,0,0,falcon,0,0,0,0,0,0,0,0,0,0,0,0,0,0,0,0,0,0,0,0,0	//HT_DETECTING#ディテクティング#
131,0,0,10,0,0,0,99,0,0,falcon,0,0,0,0,0,0,0,0,0,0,0,0,0,0,0,0,0,0,0,0,0	//HT_SPRINGTRAP#スプリングトラップ#

135,0,0,15,0,0,0,99,0,0,none,0,0,0,0,0,0,0,0,0,0,0,0,0,0,0,0,0,0,0,0,0	//AS_CLOAKING#クロ?キング#
136,0,0,16:18:20:22:24:26:28:30:32:34,0,0,0,16,0,0,none,0,0,0,0,0,0,0,0,0,0,0,0,0,0,0,0,0,0,0,0,0	//AS_SONICBLOW#ソニックブロ?#
137,0,0,3,0,0,0,16,0,0,hiding,0,0,0,0,0,0,0,0,0,0,0,0,0,0,0,0,0,0,0,0,0	//AS_GRIMTOOTH#グリムトゥ?ス#
138,0,0,20,0,0,0,99,0,0,none,0,0,0,0,0,0,0,0,0,0,0,0,0,0,0,0,0,0,0,0,0	//AS_ENCHANTPOISON#エンチャントポイズン#
139,0,0,25:30:35:40:45:50:55:60:45:45,0,0,0,99,0,0,none,0,0,0,0,0,0,0,0,0,0,0,0,0,0,0,0,0,0,0,0,0	//AS_POISONREACT#ポイズンリアクト#
140,0,0,20,0,0,0,99,0,0,none,0,716,1,0,0,0,0,0,0,0,0,0,0,0,0,0,0,0,0,0,0	//AS_VENOMDUST#ベナムダスト#
141,0,0,12:14:16:18:20:22:24:26:28:30,0,0,0,99,0,0,none,0,716,1,0,0,0,0,0,0,0,0,0,0,0,0,0,0,0,0,0,0	//AS_SPLASHER#ベナムスプラッシャ?#
142,0,0,3,0,0,0,99,0,0,none,0,0,0,0,0,0,0,0,0,0,0,0,0,0,0,0,0,0,0,0,0	//NV_FIRSTAID#?急手?#
143,0,0,5,0,0,0,99,0,0,none,0,0,0,0,0,0,0,0,0,0,0,0,0,0,0,0,0,0,0,0,0	//NV_TRICKDEAD#死んだふり#

146,0,0,1,0,0,0,99,0,0,none,0,0,0,0,0,0,0,0,0,0,0,0,0,0,0,0,0,0,0,0,0	//SM_AUTOBERSERK#オ?トバ?サ?ク#
147,0,0,10,0,0,0,99,0,0,recover_weight_rate,0,0,0,0,0,0,0,0,0,0,0,0,0,0,0,0,0,0,0,0,0	//AC_MAKINGARROW#矢作成#
148,0,0,15,0,0,0,11,1,1,none,0,0,0,0,0,0,0,0,0,0,0,0,0,0,0,0,0,0,0,0,0	//AC_CHARGEARROW#チャ?ジアロ?#
149,0,0,9,0,0,0,99,0,0,none,0,0,0,0,0,0,0,0,0,0,0,0,0,0,0,0,0,0,0,0,0	//TF_SPRINKLESAND#砂まき#
150,0,0,7,0,0,0,99,0,0,none,0,0,0,0,0,0,0,0,0,0,0,0,0,0,0,0,0,0,0,0,0	//TF_BACKSLIDING#バックステップ#
151,0,0,3,0,0,0,99,0,0,recover_weight_rate,0,0,0,0,0,0,0,0,0,0,0,0,0,0,0,0,0,0,0,0,0	//TF_PICKSTONE#石拾い#
152,0,0,2,0,0,0,99,0,0,none,0,7049,1,0,0,0,0,0,0,0,0,0,0,0,0,0,0,0,0,0,0	//TF_THROWSTONE#石投げ#
153,0,0,12,0,0,0,99,0,0,cart,0,0,0,0,0,0,0,0,0,0,0,0,0,0,0,0,0,0,0,0,0	//MC_CARTREVOLUTION#カ?トレボリュ?ション#
154,0,0,40,0,0,0,99,0,0,cart,0,0,0,0,0,0,0,0,0,0,0,0,0,0,0,0,0,0,0,0,0	//MC_CHANGECART#チェンジカ?ト#
155,0,0,8,0,0,0,99,0,0,none,0,0,0,0,0,0,0,0,0,0,0,0,0,0,0,0,0,0,0,0,0	//MC_LOUD#ラウドボイス#
156,0,0,15,0,0,0,99,0,0,none,0,0,0,0,0,0,0,0,0,0,0,0,0,0,0,0,0,0,0,0,0	//AL_HOLYLIGHT#ホ?リ?ライト#
157,0,0,30,0,0,0,99,0,0,none,0,0,0,0,0,0,0,0,0,0,0,0,0,0,0,0,0,0,0,0,0	//MG_ENERGYCOAT#エナジ?コ?ト#

211,0,0,15,0,0,0,99,0,0,none,0,0,0,0,0,0,0,0,0,0,0,0,0,0,0,0,0,0,0,0,0	//RG_STEALCOIN#スティ?ルコイン#
212,0,0,16,0,0,0,99,0,0,none,0,0,0,0,0,0,0,0,0,0,0,0,0,0,0,0,0,0,0,0,0	//RG_BACKSTAP#バックスタブ#

214,0,0,20,0,0,0,99,0,0,hiding,0,0,0,0,0,0,0,0,0,0,0,0,0,0,0,0,0,0,0,0,0	//RG_RAID#サプライズアタック#
215,0,0,17:19:21:23:25,0,0,0,99,0,0,none,0,0,0,0,0,0,0,0,0,0,0,0,0,0,0,0,0,0,0,0,0	//RG_STRIPWEAPON#ストリップウェポン#
216,0,0,12:14:16:18:20,0,0,0,99,0,0,none,0,0,0,0,0,0,0,0,0,0,0,0,0,0,0,0,0,0,0,0,0	//RG_STRIPSHIELD#ストリップシ?ルド#
217,0,0,17:19:21:23:25,0,0,0,99,0,0,none,0,0,0,0,0,0,0,0,0,0,0,0,0,0,0,0,0,0,0,0,0	//RG_STRIPARMOR#ストリップア?マ?#
218,0,0,12:14:16:18:20,0,0,0,99,0,0,none,0,0,0,0,0,0,0,0,0,0,0,0,0,0,0,0,0,0,0,0,0	//RG_STRIPHELM#ストリップヘルム#
219,0,0,13:16:19:22:25,0,0,0,99,0,0,none,0,0,0,0,0,0,0,0,0,0,0,0,0,0,0,0,0,0,0,0,0	//RG_INTIMIDATE#インティミデイト#
220,0,0,15,0,0,0,99,0,0,none,0,716,1,0,0,0,0,0,0,0,0,0,0,0,0,0,0,0,0,0,0	//RG_GRAFFITI#グラフィティ#
221,0,0,10,0,0,0,99,0,0,none,0,0,0,0,0,0,0,0,0,0,0,0,0,0,0,0,0,0,0,0,0	//RG_FLAGGRAFFITI#フラッググラフィティ#
222,0,0,5,0,0,0,99,0,0,none,0,0,0,0,0,0,0,0,0,0,0,0,0,0,0,0,0,0,0,0,0	//RG_CLEANER#クリ?ナ?#

228,0,0,5,0,0,0,99,0,0,none,0,7134,1,0,0,0,0,0,0,0,0,0,0,0,0,0,0,0,0,0,0	//AM_PHARMACY#ファ?マシ?#
229,0,0,10,0,0,0,99,0,0,none,0,7135,1,0,0,0,0,0,0,0,0,0,0,0,0,0,0,0,0,0,0	//AM_DEMONSTRATION#デモンストレ?ション#
230,0,0,15,0,0,0,99,0,0,none,0,7136,1,0,0,0,0,0,0,0,0,0,0,0,0,0,0,0,0,0,0	//AM_ACIDTERROR#アシッドテラ?#
231,0,0,1,0,0,0,99,0,0,none,0,501,1,502,1,503,1,504,1,505,1,522,1,526,1,608,1,607,1,657,1	//AM_POTIONPITCHER#ポ?ションピッチャ?#
232,0,0,20,0,0,0,99,0,0,none,0,7137,1,0,0,0,0,0,0,0,0,0,0,0,0,0,0,0,0,0,0	//AM_CANNIBALIZE#バイオプラント#
233,0,0,10,0,0,0,99,0,0,none,0,7138,1,0,0,0,0,0,0,0,0,0,0,0,0,0,0,0,0,0,0	//AM_SPHEREMINE#スフィア?マイン#
234,0,0,30,0,0,0,99,0,0,none,0,7139,1,0,0,0,0,0,0,0,0,0,0,0,0,0,0,0,0,0,0	//AM_CP_WEAPON#ケミカルウェポンチャ?ジ#
235,0,0,25,0,0,0,99,0,0,none,0,7139,1,0,0,0,0,0,0,0,0,0,0,0,0,0,0,0,0,0,0	//AM_CP_SHIELD#ケミカルシ?ルドチャ?ジ#	
236,0,0,25,0,0,0,99,0,0,none,0,7139,1,0,0,0,0,0,0,0,0,0,0,0,0,0,0,0,0,0,0	//AM_CP_ARMOR#ケミカルア?マ?チャ?ジ#
237,0,0,25,0,0,0,99,0,0,none,0,7139,1,0,0,0,0,0,0,0,0,0,0,0,0,0,0,0,0,0,0	//AM_CP_HELM#ケミカルヘルムチャ?ジ#

243,0,0,10,0,0,0,99,0,0,none,0,7142,1,0,0,0,0,0,0,0,0,0,0,0,0,0,0,0,0,0,0	//AM_CALLHOMUNCULUS
244,0,0,50,0,0,0,99,0,0,none,0,0,0,0,0,0,0,0,0,0,0,0,0,0,0,0,0,0,0,0,0	//AM_REST
247,0,0,74:68:62:56:50,0,0,0,99,0,0,none,0,0,0,0,0,0,0,0,0,0,0,0,0,0,0,0,0,0,0,0,0	//AM_RESURRECTHOMUN

249,0,0,12:14:16:18:20:22:24:26:28:30,0,0,0,99,0,0,shield,0,0,0,0,0,0,0,0,0,0,0,0,0,0,0,0,0,0,0,0,0	//CR_AUTOGUARD#オ?トガ?ド#
250,0,0,10,0,0,0,99,0,0,shield,0,0,0,0,0,0,0,0,0,0,0,0,0,0,0,0,0,0,0,0,0	//CR_SHIELDCHARGE#シ?ルドチャ?ジ#
251,0,0,12,0,0,0,99,0,0,shield,0,0,0,0,0,0,0,0,0,0,0,0,0,0,0,0,0,0,0,0,0	//CR_SHIELDBOOMERANG#シ?ルドブ?メラン#
252,0,0,35:40:45:50:55:60:65:70:75:80,0,0,0,99,0,0,shield,0,0,0,0,0,0,0,0,0,0,0,0,0,0,0,0,0,0,0,0,0	//CR_REFLECTSHIELD#リフレクトシ?ルド#
253,0,0,11:12:13:14:15:16:17:18:19:20,0,0,0,99,0,0,none,0,0,0,0,0,0,0,0,0,0,0,0,0,0,0,0,0,0,0,0,0	//CR_HOLYCROSS#ホ?リ?クロス#
254,0,0,37:44:51:58:65:72:79:86:93:100,20,0,0,99,0,0,none,0,0,0,0,0,0,0,0,0,0,0,0,0,0,0,0,0,0,0,0,0	//CR_GRANDCROSS#グランドクロス#
255,0,0,25,0,0,0,99,0,0,none,0,0,0,0,0,0,0,0,0,0,0,0,0,0,0,0,0,0,0,0,0	//CR_DEVOTION#ディボ?ション#
256,0,0,30,0,0,0,99,0,0,none,0,0,0,0,0,0,0,0,0,0,0,0,0,0,0,0,0,0,0,0,0	//CR_PROVIDENCE#プロヴィデンス#
257,0,0,30,0,0,0,99,0,0,shield,0,0,0,0,0,0,0,0,0,0,0,0,0,0,0,0,0,0,0,0,0	//CR_DEFENDER#ディフェンダ?#
258,0,0,24:28:32:36:40:44:48:52:56:60,0,0,0,5,0,0,none,0,0,0,0,0,0,0,0,0,0,0,0,0,0,0,0,0,0,0,0,0	//CR_SPEARQUICKEN#スピアクイッケン#

261,0,0,8,0,0,0,99,0,0,none,0,0,0,0,0,0,0,0,0,0,0,0,0,0,0,0,0,0,0,0,0	//MO_CALLSPIRITS#?功#
262,0,0,5,0,0,0,99,0,0,none,0,0,0,0,0,0,0,0,0,0,0,0,0,0,0,0,0,0,0,0,0	//MO_ABSORBSPIRITS#?奪#

264,0,0,14,0,0,0,99,0,0,none,1,0,0,0,0,0,0,0,0,0,0,0,0,0,0,0,0,0,0,0,0	//MO_BODYRELOCATION#?影#

266,0,0,10:14:17:19:20,0,0,0,99,0,0,none,1,0,0,0,0,0,0,0,0,0,0,0,0,0,0,0,0,0,0,0,0	//MO_INVESTIGATE#?勁#
267,0,0,10,0,0,0,99,0,0,none,1:2:3:4:5,0,0,0,0,0,0,0,0,0,0,0,0,0,0,0,0,0,0,0,0	//MO_FINGEROFFENSIVE#指?#
268,0,0,200,0,0,0,99,0,0,none,5,0,0,0,0,0,0,0,0,0,0,0,0,0,0,0,0,0,0,0,0	//MO_STEELBODY#金剛#
269,0,0,10,0,0,0,0:1:2:3:4:5:6:7:8:9:10:12:13:14:15:16:17:18:19:20:21:22,0,0,none,1,0,0,0,0,0,0,0,0,0,0,0,0,0,0,0,0,0,0,0,0	//MO_BLADESTOP#白刃取り#
270,0,0,15,0,0,0,99,0,0,none,5,0,0,0,0,0,0,0,0,0,0,0,0,0,0,0,0,0,0,0,0	//MO_EXPLOSIONSPIRITS#爆裂波動#
271,0,0,1,0,0,0,0:1:2:3:4:5:6:7:8:9:10:12:13:14:15:16:17:18:19:20:21:22,0,0,explosionspirits,5,0,0,0,0,0,0,0,0,0,0,0,0,0,0,0,0,0,0,0,0	//MO_EXTREMITYFIST#阿修羅覇凰拳#
272,0,0,11:12:13:14:15,0,0,0,0:1:2:3:4:5:6:7:8:9:10:12:13:14:15:16:17:18:19:20:21:22,0,0,none,0,0,0,0,0,0,0,0,0,0,0,0,0,0,0,0,0,0,0,0,0	//MO_CHAINCOMBO#連打掌#
273,0,0,11:12:13:14:15,0,0,0,0:1:2:3:4:5:6:7:8:9:10:12:13:14:15:16:17:18:19:20:21:22,0,0,none,1,0,0,0,0,0,0,0,0,0,0,0,0,0,0,0,0,0,0,0,0	//MO_COMBOFINISH#猛龍拳#

275,0,0,2,0,0,0,99,0,0,none,0,0,0,0,0,0,0,0,0,0,0,0,0,0,0,0,0,0,0,0,0	//SA_CASTCANCEL#キャストキャンセル#
276,0,0,2,0,0,0,99,0,0,none,0,0,0,0,0,0,0,0,0,0,0,0,0,0,0,0,0,0,0,0,0	//SA_MAGICROD#マジックロッド#
277,0,0,10,0,0,0,99,0,0,none,0,0,0,0,0,0,0,0,0,0,0,0,0,0,0,0,0,0,0,0,0	//SA_SPELLBREAKER#スペルブレイカ?#

279,0,0,35,0,0,0,99,0,0,none,0,0,0,0,0,0,0,0,0,0,0,0,0,0,0,0,0,0,0,0,0	//SA_AUTOSPELL#オ?トスペル#
280,0,0,40,0,0,0,99,0,0,none,0,990,1,0,0,0,0,0,0,0,0,0,0,0,0,0,0,0,0,0,0	//SA_FLAMELAUNCHER#フレイムランチャ?#
281,0,0,40,0,0,0,99,0,0,none,0,991,1,0,0,0,0,0,0,0,0,0,0,0,0,0,0,0,0,0,0	//SA_FROSTWEAPON#フロストウェポン#
282,0,0,40,0,0,0,99,0,0,none,0,992,1,0,0,0,0,0,0,0,0,0,0,0,0,0,0,0,0,0,0	//SA_LIGHTNINGLOADER#ライトニングロ?ダ?#
283,0,0,40,0,0,0,99,0,0,none,0,993,1,0,0,0,0,0,0,0,0,0,0,0,0,0,0,0,0,0,0	//SA_SEISMICWEAPON#サイズミックウェポン#

285,0,0,48:46:44:42:40,0,0,0,99,0,0,none,0,715,1,0,0,0,0,0,0,0,0,0,0,0,0,0,0,0,0,0,0	//SA_VOLCANO#ボルケ?ノ#
286,0,0,48:46:44:42:40,0,0,0,99,0,0,none,0,715,1,0,0,0,0,0,0,0,0,0,0,0,0,0,0,0,0,0,0	//SA_DELUGE#デリュ?ジ#
287,0,0,48:46:44:42:40,0,0,0,99,0,0,none,0,715,1,0,0,0,0,0,0,0,0,0,0,0,0,0,0,0,0,0,0	//SA_VIOLENTGALE#バイオレントゲイル#
288,0,0,66:62:58:54:50,0,0,0,99,0,0,none,0,717,1,715,1,0,0,0,0,0,0,0,0,0,0,0,0,0,0,0,0	//SA_LANDPROTECTOR#ランドプロテクタ?#
289,0,0,1,0,0,0,99,0,0,none,0,715,1,0,0,0,0,0,0,0,0,0,0,0,0,0,0,0,0,0,0	//SA_DISPELL#ディスペル#
290,0,0,50,0,0,0,99,0,0,none,0,715,2,0,0,0,0,0,0,0,0,0,0,0,0,0,0,0,0,0,0	//SA_ABRACADABRA#アブラカタブラ#
291,0,0,1,0,0,0,99,0,0,none,0,0,0,0,0,0,0,0,0,0,0,0,0,0,0,0,0,0,0,0,0	//SA_MONOCELL#チェンジポリン#
292,0,0,1,0,0,0,99,0,0,none,0,0,0,0,0,0,0,0,0,0,0,0,0,0,0,0,0,0,0,0,0	//SA_CLASSCHANGE#クラスチェンジ#
293,0,0,1,0,0,0,99,0,0,none,0,0,0,0,0,0,0,0,0,0,0,0,0,0,0,0,0,0,0,0,0	//SA_SUMMONMONSTER#サモンモンスタ?#
294,0,0,1,0,0,0,99,0,0,none,0,0,0,0,0,0,0,0,0,0,0,0,0,0,0,0,0,0,0,0,0	//SA_REVERSEORCISH#リバ?スオ?キッシュ#
295,0,0,1,0,0,0,99,0,0,none,0,0,0,0,0,0,0,0,0,0,0,0,0,0,0,0,0,0,0,0,0	//SA_DEATH#デス#
296,0,0,1,0,0,0,99,0,0,none,0,0,0,0,0,0,0,0,0,0,0,0,0,0,0,0,0,0,0,0,0	//SA_FORTUNE#フォ?チュン#
297,0,0,1,0,0,0,99,0,0,none,0,0,0,0,0,0,0,0,0,0,0,0,0,0,0,0,0,0,0,0,0	//SA_TAMINGMONSTER#テイミングモンスタ?#
298,0,0,1,0,0,0,99,0,0,none,0,0,0,0,0,0,0,0,0,0,0,0,0,0,0,0,0,0,0,0,0	//SA_QUESTION#？#
299,0,0,1,0,0,0,99,0,0,none,0,0,0,0,0,0,0,0,0,0,0,0,0,0,0,0,0,0,0,0,0	//SA_GRAVITY#グラビティ#
300,0,0,1,0,0,0,99,0,0,none,0,0,0,0,0,0,0,0,0,0,0,0,0,0,0,0,0,0,0,0,0	//SA_LEVELUP#レベルアップ#
301,0,0,1,0,0,0,99,0,0,none,0,0,0,0,0,0,0,0,0,0,0,0,0,0,0,0,0,0,0,0,0	//SA_INSTANTDEATH#インスタントデス#
302,0,0,1,0,0,0,99,0,0,none,0,0,0,0,0,0,0,0,0,0,0,0,0,0,0,0,0,0,0,0,0	//SA_FULLRECOVERY#フルリカバリ?#
303,0,0,1,0,0,0,99,0,0,none,0,0,0,0,0,0,0,0,0,0,0,0,0,0,0,0,0,0,0,0,0	//SA_COMA#コ?マ#

304,0,0,1,0,0,0,99,0,0,none,0,0,0,0,0,0,0,0,0,0,0,0,0,0,0,0,0,0,0,0,0	//BD_ADAPTATION#アドリブ#
305,0,0,1,0,0,0,13:14,0,0,none,0,0,0,0,0,0,0,0,0,0,0,0,0,0,0,0,0,0,0,0,0	//BD_ENCORE#アンコ?ル#
306,0,0,20,0,0,0,13:14,0,0,none,0,0,0,0,0,0,0,0,0,0,0,0,0,0,0,0,0,0,0,0,0	//BD_LULLABY#子守歌#
307,0,0,20,0,0,0,13:14,0,0,none,0,0,0,0,0,0,0,0,0,0,0,0,0,0,0,0,0,0,0,0,0	//BD_RICHMANKIM#ニヨルドの宴#
308,0,0,30,0,0,0,13:14,0,0,none,0,0,0,0,0,0,0,0,0,0,0,0,0,0,0,0,0,0,0,0,0	//BD_ETERNALCHAOS#永遠の混沌#
309,0,0,38:41:44:47:50,0,0,0,13:14,0,0,none,0,0,0,0,0,0,0,0,0,0,0,0,0,0,0,0,0,0,0,0,0	//BD_DRUMBATTLEFIELD#?太鼓の響き#
310,0,0,38:41:44:47:50,0,0,0,13:14,0,0,none,0,0,0,0,0,0,0,0,0,0,0,0,0,0,0,0,0,0,0,0,0	//BD_RINGNIBELUNGEN#ニ?ベルングの指輪#
311,0,0,15,0,0,0,13:14,0,0,none,0,0,0,0,0,0,0,0,0,0,0,0,0,0,0,0,0,0,0,0,0	//BD_ROKISWEIL#ロキの叫び#
312,0,0,10,0,0,0,13:14,0,0,none,0,0,0,0,0,0,0,0,0,0,0,0,0,0,0,0,0,0,0,0,0	//BD_INTOABYSS#深淵の中に#
313,0,0,20,0,0,0,13:14,0,0,none,0,0,0,0,0,0,0,0,0,0,0,0,0,0,0,0,0,0,0,0,0	//BD_SIEGFRIED#不死身のジ?クフリ?ド#

316,0,0,1:3:5:7:9,0,0,0,13,1,1,none,0,0,0,0,0,0,0,0,0,0,0,0,0,0,0,0,0,0,0,0,0	//BA_MUSICALSTRIKE#ミュ?ジカルストライク#
317,0,0,18:21:24:27:30,0,0,0,13,0,0,none,0,0,0,0,0,0,0,0,0,0,0,0,0,0,0,0,0,0,0,0,0	//BA_DISSONANCE#不協和音#
318,0,0,12:14:16:18:20,0,0,0,99,0,0,none,0,0,0,0,0,0,0,0,0,0,0,0,0,0,0,0,0,0,0,0,0	//BA_FROSTJOKE#寒いジョ?ク#
319,0,0,24:28:32:36:40:44:48:52:56:60,0,0,0,13:14,0,0,none,0,0,0,0,0,0,0,0,0,0,0,0,0,0,0,0,0,0,0,0,0	//BA_WHISTLE#口笛#
320,0,0,38:41:44:47:50:53:56:59:62:65,0,0,0,13:14,0,0,none,0,0,0,0,0,0,0,0,0,0,0,0,0,0,0,0,0,0,0,0,0	//BA_ASSASSINCROSS#夕陽のアサシンクロス#
321,0,0,40:45:50:55:60:65:70:75:80:85,0,0,0,13:14,0,0,none,0,0,0,0,0,0,0,0,0,0,0,0,0,0,0,0,0,0,0,0,0	//BA_POEMBRAGI#ブラギの詩#
322,0,0,40:45:50:55:60:65:70:75:80:85,0,0,0,13:14,0,0,none,0,0,0,0,0,0,0,0,0,0,0,0,0,0,0,0,0,0,0,0,0	//BA_APPLEIDUN#イドゥンの林檎#

324,0,0,1:3:5:7:9,0,0,0,14,1,1,none,0,0,0,0,0,0,0,0,0,0,0,0,0,0,0,0,0,0,0,0,0	//DC_THROWARROW#矢?ち#
325,0,0,23:26:29:32:35,0,0,0,14,0,0,none,0,0,0,0,0,0,0,0,0,0,0,0,0,0,0,0,0,0,0,0,0	//DC_UGLYDANCE#自分勝手なダンス#
326,0,0,12:14:16:18:20,0,0,0,99,0,0,none,0,0,0,0,0,0,0,0,0,0,0,0,0,0,0,0,0,0,0,0,0	//DC_SCREAM#スクリ?ム#
327,0,0,22:24:26:28:30:32:34:36:38:40,0,0,0,13:14,0,0,none,0,0,0,0,0,0,0,0,0,0,0,0,0,0,0,0,0,0,0,0,0	//DC_HUMMING#ハミング#
328,0,0,28:31:34:37:40:43:46:49:52:55,0,0,0,13:14,0,0,none,0,0,0,0,0,0,0,0,0,0,0,0,0,0,0,0,0,0,0,0,0	//DC_DONTFORGETME#私を忘れないで…#
329,0,0,43:46:49:52:55:58:61:64:67:70,0,0,0,13:14,0,0,none,0,0,0,0,0,0,0,0,0,0,0,0,0,0,0,0,0,0,0,0,0	//DC_FORTUNEKISS#幸運のキス#
330,0,0,40:45:50:55:60:65:70:75:80:85,0,0,0,13:14,0,0,none,0,0,0,0,0,0,0,0,0,0,0,0,0,0,0,0,0,0,0,0,0	//DC_SERVICEFORYOU#サ?ビスフォ?ユ?#

334,0,0,1,-10,0,0,99,0,0,none,0,0,0,0,0,0,0,0,0,0,0,0,0,0,0,0,0,0,0,0,0	//WE_MALE#君だけは護るよ#
335,0,0,1,0,-10,0,99,0,0,none,0,0,0,0,0,0,0,0,0,0,0,0,0,0,0,0,0,0,0,0,0	//WE_FEMALE#?なたに?くします#
336,0,0,1,0,0,0,99,0,0,none,0,0,0,0,0,0,0,0,0,0,0,0,0,0,0,0,0,0,0,0,0	//WE_CALLPARTNER#?なたに逢いたい#
337,0,0,1,0,0,0,99,0,0,none,0,0,0,0,0,0,0,0,0,0,0,0,0,0,0,0,0,0,0,0,0	//ITM_TOMAHAWK##

355,0,0,18:26:34:42:50,0,0,0,1:2:3:4:5:6:7:8:9:10:11:12:13:14:15:16:17:18:19:20:21:22,0,0,none,0,0,0,0,0,0,0,0,0,0,0,0,0,0,0,0,0,0,0,0,0	//LK_AURABLADE#オ?ラブレ?ド#
356,0,0,50,0,0,0,3,0,0,none,0,0,0,0,0,0,0,0,0,0,0,0,0,0,0,0,0,0,0,0,0	//LK_PARRYING#パリイング#
357,0,0,14:18:22:26:30,0,0,0,99,0,0,none,0,0,0,0,0,0,0,0,0,0,0,0,0,0,0,0,0,0,0,0,0	//LK_CONCENTRATION#コンセントレ?ション#
358,0,0,15,0,0,0,99,0,0,none,0,0,0,0,0,0,0,0,0,0,0,0,0,0,0,0,0,0,0,0,0	//LK_TENSIONRELAX#テンションリラックス#
359,0,0,200,0,0,0,99,0,0,none,0,0,0,0,0,0,0,0,0,0,0,0,0,0,0,0,0,0,0,0,0	//LK_BERSERK#バ?サ?ク#
361,0,0,20:30:40:50:60,0,0,0,99,0,0,none,0,0,0,0,0,0,0,0,0,0,0,0,0,0,0,0,0,0,0,0,0	//HP_ASSUMPTIO#アスムプティオ#
362,0,0,80:90:100:110:120,0,0,0,99,0,0,none,0,715,1,716,1,717,1,523,1,0,0,0,0,0,0,0,0,0,0,0,0	//HP_BASILICA#バジリカ#

365,0,0,8,0,0,0,99,0,0,none,0,0,0,0,0,0,0,0,0,0,0,0,0,0,0,0,0,0,0,0,0	//HW_MAGICCRASHER#マジッククラッシャ?#
366,0,0,14:18:22:26:30:34:38:42:46:50,0,0,0,99,0,0,none,0,0,0,0,0,0,0,0,0,0,0,0,0,0,0,0,0,0,0,0,0	//HW_MAGICPOWER#魔法力?幅#
367,0,0,30:35:40:45:50,0,0,0,99,0,0,none,0,0,0,0,0,0,0,0,0,0,0,0,0,0,0,0,0,0,0,0,0	//PA_PRESSURE#プレッシャ?#
368,0,0,100,0,0,0,99,0,0,none,0,0,0,0,0,0,0,0,0,0,0,0,0,0,0,0,0,0,0,0,0	//PA_SACRIFICE#サクリファイス#
369,0,0,80:80:80:80:80:100:100:100:100:100,0,0,0,99,0,0,none,0,0,0,0,0,0,0,0,0,0,0,0,0,0,0,0,0,0,0,0,0	//PA_GOSPEL#ゴスペル#
370,0,0,2:4:6:8:10,0,0,0,99,0,0,explosionspirits,0,0,0,0,0,0,0,0,0,0,0,0,0,0,0,0,0,0,0,0,0	//CH_PALMSTRIKE#猛虎硬派山#
371,0,0,4:6:8:10:12,0,0,0,99,0,0,none,1,0,0,0,0,0,0,0,0,0,0,0,0,0,0,0,0,0,0,0,0	//CH_TIGERFIST#伏虎拳#
372,0,0,4:6:8:10:12:14:16:18:20:22,0,0,0,99,0,0,none,2,0,0,0,0,0,0,0,0,0,0,0,0,0,0,0,0,0,0,0,0	//CH_CHAINCRUSH#連柱崩?#
373,0,0,1:2:3:4:5,0,0,0,99,0,0,none,0,0,0,0,0,0,0,0,0,0,0,0,0,0,0,0,0,0,0,0,0	//PF_HPCONVERSION#???????#
374,0,0,5,0,0,0,99,0,0,none,0,0,0,0,0,0,0,0,0,0,0,0,0,0,0,0,0,0,0,0,0	//PF_SOULCHANGE#ソウルチェンジ#
375,0,0,80:90:100:110:120,0,0,0,99,0,0,none,0,0,0,0,0,0,0,0,0,0,0,0,0,0,0,0,0,0,0,0,0	//PF_SOULBURN#?ウルバ?ン#

378,0,0,60:70:80:90:100,0,0,0,99,0,0,none,0,678,1,0,0,0,0,0,0,0,0,0,0,0,0,0,0,0,0,0,0	//ASC_EDP#エンチャントデッドリ?ポイズン#
379,0,0,20:20:20:20:20:30:30:30:30:30,0,0,0,99,0,0,none,0,0,0,0,0,0,0,0,0,0,0,0,0,0,0,0,0,0,0,0,0	//ASC_BREAKER#ソウルブレ?カ?#
380,0,0,20:20:25:25:30:30:35:35:40:40,0,0,0,99,0,0,none,0,0,0,0,0,0,0,0,0,0,0,0,0,0,0,0,0,0,0,0,0	//SN_SIGHT#トゥル?サイト#
381,0,0,30:34:38:42:46,0,0,0,99,0,0,falcon,0,0,0,0,0,0,0,0,0,0,0,0,0,0,0,0,0,0,0,0,0	//SN_FALCONASSAULT#ファルコンアサルト#
382,0,0,18:21:24:27:30,0,0,0,11,1,1,none,0,0,0,0,0,0,0,0,0,0,0,0,0,0,0,0,0,0,0,0,0		//SN_SHARPSHOOTING#シャ?プシュ?ティング#
383,0,0,46:52:58:64:70:76:82:88:94:100,0,0,0,99,0,0,none,0,0,0,0,0,0,0,0,0,0,0,0,0,0,0,0,0,0,0,0,0	//SN_WINDWALK#ウインドウォ?ク#
384,0,0,50:50:60:60:70:70:80:80:90:90,0,0,0,99,0,0,none,0,0,0,0,0,0,0,0,0,0,0,0,0,0,0,0,0,0,0,0,0	//WS_MELTDOWN#メルトダウン#
385,0,0,5,0,0,0,99,0,0,none,0,0,0,0,0,0,0,0,0,0,0,0,0,0,0,0,0,0,0,0,0	//WS_CREATECOIN#クリエイトコイン#
386,0,0,5,0,0,0,99,0,0,none,0,0,0,0,0,0,0,0,0,0,0,0,0,0,0,0,0,0,0,0,0	//WS_CREATENUGGET#塊製造#
387,0,0,20,0,0,0,99,0,0,cart,0,0,0,0,0,0,0,0,0,0,0,0,0,0,0,0,0,0,0,0,0	//WS_CARTBOOST#カ?トブ?スト#
388,0,0,20,0,0,0,99,0,0,none,0,7137,1,0,0,0,0,0,0,0,0,0,0,0,0,0,0,0,0,0,0	//WS_SYSTEMCREATE#自動攻??置製作#
389,0,0,10,0,0,0,99,0,0,none,0,0,0,0,0,0,0,0,0,0,0,0,0,0,0,0,0,0,0,0,0	//ST_CHASEWALK#チェイスウォ?ク#
390,0,0,10:15:20:25:30,0,0,0,99,0,0,none,0,0,0,0,0,0,0,0,0,0,0,0,0,0,0,0,0,0,0,0,0	//ST_REJECTSWORD#リジェクトソ?ド#

394,0,0,12:14:16:18:20:22:24:26:28:30,0,0,0,13:14,1,1,none,0,0,0,0,0,0,0,0,0,0,0,0,0,0,0,0,0,0,0,0,0	//CG_ARROWVULCAN#アロ?バルカン#
395,0,0,30:40:50:60:70,0,0,0,13:14,0,0,none,0,0,0,0,0,0,0,0,0,0,0,0,0,0,0,0,0,0,0,0,0	//CG_MOONLIT#月明りの泉に落ちる花びら#
396,0,0,100,0,0,0,99,0,0,none,0,0,0,0,0,0,0,0,0,0,0,0,0,0,0,0,0,0,0,0,0	//CG_MARIONETTE#マリオネットコントロ?ル#
397,0,0,18:21:24:27:30,0,0,0,4:5,0,0,none,0,0,0,0,0,0,0,0,0,0,0,0,0,0,0,0,0,0,0,0,0	//LK_SPIRALPIERCE#スパイラルピア?ス#
398,0,0,23,0,0,0,99,0,0,none,0,0,0,0,0,0,0,0,0,0,0,0,0,0,0,0,0,0,0,0,0	//LK_HEADCRUSH#ヘッドクラッシュ#
399,0,0,12:12:14:14:16:16:18:18:20:20,0,0,0,4:5,0,0,none,0,0,0,0,0,0,0,0,0,0,0,0,0,0,0,0,0,0,0,0,0	//LK_JOINTBEAT#ジョイントビ?ト#
400,0,0,10:25:40:55:70,0,0,0,99,0,0,none,0,0,0,0,0,0,0,0,0,0,0,0,0,0,0,0,0,0,0,0,0	//HW_NAPALMVULCAN#ナパ?ムバルカン#
401,0,0,20,0,0,0,99,0,0,none,0,0,0,0,0,0,0,0,0,0,0,0,0,0,0,0,0,0,0,0,0	//CH_SOULCOLLECT#狂?功#
402,0,0,12:15:18:21:24,0,0,0,99,0,0,none,0,0,0,0,0,0,0,0,0,0,0,0,0,0,0,0,0,0,0,0,0	//PF_MINDBREAKER#マインドブレ?カ?#
403,0,0,1,0,0,0,99,0,0,none,0,0,0,0,0,0,0,0,0,0,0,0,0,0,0,0,0,0,0,0,0	//PF_MEMORIZE#メモライズ#
404,0,0,25,0,0,0,99,0,0,none,0,0,0,0,0,0,0,0,0,0,0,0,0,0,0,0,0,0,0,0,0	//PF_FOGWALL#フォグウォ?ル#
405,0,0,50,0,0,0,99,0,0,none,0,1025,1,0,0,0,0,0,0,0,0,0,0,0,0,0,0,0,0,0,0	//PF_SPIDERWEB#スパイダ?ウェッブ#
406,0,0,10:12:14:16:18:20:22:24:26:28,0,0,0,99,0,0,none,0,0,0,0,0,0,0,0,0,0,0,0,0,0,0,0,0,0,0,0,0	//ASC_METEORASSAULT#メテオアサルト#
407,0,0,50,0,0,0,99,0,0,none,0,0,0,0,0,0,0,0,0,0,0,0,0,0,0,0,0,0,0,0,0	//ASC_CDP#デッドリ?ポイズン作成#
408,0,0,1,0,-10,0,99,0,0,none,0,0,0,0,0,0,0,0,0,0,0,0,0,0,0,0,0,0,0,0,0	//WE_BABY##
409,0,0,1,0,0,0,99,0,0,none,0,0,0,0,0,0,0,0,0,0,0,0,0,0,0,0,0,0,0,0,0	//WE_CALLPARENT##
410,0,0,1,0,0,0,99,0,0,none,0,0,0,0,0,0,0,0,0,0,0,0,0,0,0,0,0,0,0,0,0	//WE_CALLBABY##
411,0,0,100:90:80:70:60:50:40:30:20:10,0,0,0,99,0,0,move_enable,0,0,0,0,0,0,0,0,0,0,0,0,0,0,0,0,0,0,0,0,0	//TK_RUN
412,0,0,1,0,0,0,99,0,0,none,0,0,0,0,0,0,0,0,0,0,0,0,0,0,0,0,0,0,0,0,0	//TK_READYSTORM
413,0,0,14:12:10:8:6:4:2,0,0,0,99,0,0,none,0,0,0,0,0,0,0,0,0,0,0,0,0,0,0,0,0,0,0,0,0	//TK_STORMKICK
414,0,0,1,0,0,0,99,0,0,none,0,0,0,0,0,0,0,0,0,0,0,0,0,0,0,0,0,0,0,0,0	//TK_READYDOWN
415,0,0,14:12:10:8:6:4:2,0,0,0,99,0,0,none,0,0,0,0,0,0,0,0,0,0,0,0,0,0,0,0,0,0,0,0,0	//TK_DOWNKICK
416,0,0,1,0,0,0,99,0,0,none,0,0,0,0,0,0,0,0,0,0,0,0,0,0,0,0,0,0,0,0,0	//TK_READYTURN
417,0,0,14:12:10:8:6:4:2,0,0,0,99,0,0,none,0,0,0,0,0,0,0,0,0,0,0,0,0,0,0,0,0,0,0,0,0	//TK_TURNKICK
418,0,0,1,0,0,0,99,0,0,none,0,0,0,0,0,0,0,0,0,0,0,0,0,0,0,0,0,0,0,0,0	//TK_READYCOUNTER
419,0,0,14:12:10:8:6:4:2,0,0,0,99,0,0,none,0,0,0,0,0,0,0,0,0,0,0,0,0,0,0,0,0,0,0,0,0	//TK_COUNTERKICK
420,0,0,1,0,0,0,99,0,0,none,0,0,0,0,0,0,0,0,0,0,0,0,0,0,0,0,0,0,0,0,0	//TK_DODGE
421,0,0,70:60:50:40:30:20:10,0,0,0,99,0,0,none,0,0,0,0,0,0,0,0,0,0,0,0,0,0,0,0,0,0,0,0,0	//TK_JUMPKICK

425,0,0,20:20:20:20:50:50:50,0,0,0,99,0,0,none,0,0,0,0,0,0,0,0,0,0,0,0,0,0,0,0,0,0,0,0,0	//TK_SEVENWIND
426,0,0,50,0,0,0,99,0,0,none,0,0,0,0,0,0,0,0,0,0,0,0,0,0,0,0,0,0,0,0,0	//TK_HIGHJUMP

427,0,0,100,0,0,0,99,0,0,none,0,0,0,0,0,0,0,0,0,0,0,0,0,0,0,0,0,0,0,0,0	//SG_FEEL
428,0,0,20,0,0,0,99,0,0,none,0,0,0,0,0,0,0,0,0,0,0,0,0,0,0,0,0,0,0,0,0	//SG_SUN_WARM
429,0,0,20,0,0,0,99,0,0,none,0,0,0,0,0,0,0,0,0,0,0,0,0,0,0,0,0,0,0,0,0	//SG_MOON_WARM
430,0,0,10,0,0,0,99,0,0,none,0,0,0,0,0,0,0,0,0,0,0,0,0,0,0,0,0,0,0,0,0	//SG_STAR_WARM
431,0,0,70:60:50:40,0,0,0,99,0,0,none,0,0,0,0,0,0,0,0,0,0,0,0,0,0,0,0,0,0,0,0,0	//SG_SUN_COMFORT
432,0,0,70:60:50:40,0,0,0,99,0,0,none,0,0,0,0,0,0,0,0,0,0,0,0,0,0,0,0,0,0,0,0,0	//SG_MOON_COMFORT
433,0,0,70:60:50:40,0,0,0,99,0,0,none,0,0,0,0,0,0,0,0,0,0,0,0,0,0,0,0,0,0,0,0,0	//SG_STAR_COMFORT
434,0,0,100,0,0,0,99,0,0,none,0,0,0,0,0,0,0,0,0,0,0,0,0,0,0,0,0,0,0,0,0	//SG_HATE
444,0,0,100,0,0,0,99,0,0,none,0,0,0,0,0,0,0,0,0,0,0,0,0,0,0,0,0,0,0,0,0	//SG_FUSION

445,0,0,460:360:260:160:60,0,0,0,99,0,0,none,0,0,0,0,0,0,0,0,0,0,0,0,0,0,0,0,0,0,0,0,0	//SL_ALCHEMIST
446,0,0,10,0,8,0,99,0,0,none,0,657,2,0,0,0,0,0,0,0,0,0,0,0,0,0,0,0,0,0,0	//AM_BERSERKPITCHER#Berserk Pitcher#
447,0,0,460:360:260:160:60,0,0,0,99,0,0,none,0,0,0,0,0,0,0,0,0,0,0,0,0,0,0,0,0,0,0,0,0	//SL_MONK
448,0,0,460:360:260:160:60,0,0,0,99,0,0,none,0,0,0,0,0,0,0,0,0,0,0,0,0,0,0,0,0,0,0,0,0	//SL_STAR
449,0,0,460:360:260:160:60,0,0,0,99,0,0,none,0,0,0,0,0,0,0,0,0,0,0,0,0,0,0,0,0,0,0,0,0	//SL_SAGE
450,0,0,460:360:260:160:60,0,0,0,99,0,0,none,0,0,0,0,0,0,0,0,0,0,0,0,0,0,0,0,0,0,0,0,0	//SL_CRUSADER
451,0,0,460:360:260:160:60,0,0,0,99,0,0,none,0,0,0,0,0,0,0,0,0,0,0,0,0,0,0,0,0,0,0,0,0	//SL_SUPERNOVICE
452,0,0,460:360:260:160:60,0,0,0,99,0,0,none,0,0,0,0,0,0,0,0,0,0,0,0,0,0,0,0,0,0,0,0,0	//SL_KNIGHT
453,0,0,460:360:260:160:60,0,0,0,99,0,0,none,0,0,0,0,0,0,0,0,0,0,0,0,0,0,0,0,0,0,0,0,0	//SL_WIZARD
454,0,0,460:360:260:160:60,0,0,0,99,0,0,none,0,0,0,0,0,0,0,0,0,0,0,0,0,0,0,0,0,0,0,0,0	//SL_PRIEST
455,0,0,460:360:260:160:60,0,0,0,99,0,0,none,0,0,0,0,0,0,0,0,0,0,0,0,0,0,0,0,0,0,0,0,0	//SL_BARDDANCER
456,0,0,460:360:260:160:60,0,0,0,99,0,0,none,0,0,0,0,0,0,0,0,0,0,0,0,0,0,0,0,0,0,0,0,0	//SL_ROGUE
457,0,0,460:360:260:160:60,0,0,0,99,0,0,none,0,0,0,0,0,0,0,0,0,0,0,0,0,0,0,0,0,0,0,0,0	//SL_ASSASSIN
458,0,0,460:360:260:160:60,0,0,0,99,0,0,none,0,0,0,0,0,0,0,0,0,0,0,0,0,0,0,0,0,0,0,0,0	//SL_BLACKSMITH
459,0,0,64,0,0,0,0:1:2:3:4:5:6:7:8:9:10:12:13:14:15:16,0,0,none,0,0,0,0,0,0,0,0,0,0,0,0,0,0,0,0,0,0,0,0,0	//BS_ADRENALINE2#
460,0,0,460:360:260:160:60,0,0,0,99,0,0,none,0,0,0,0,0,0,0,0,0,0,0,0,0,0,0,0,0,0,0,0,0	//SL_HUNTER
461,0,0,460:360:260:160:60,0,0,0,99,0,0,none,0,0,0,0,0,0,0,0,0,0,0,0,0,0,0,0,0,0,0,0,0	//SL_SOULLINKER
462,0,0,120:110:100:90:80:70:60,0,0,0,99,0,0,none,0,0,0,0,0,0,0,0,0,0,0,0,0,0,0,0,0,0,0,0,0 //SL_KAIZEL#Kaizel#
463,0,0,30,0,0,0,99,0,0,none,0,0,0,0,0,0,0,0,0,0,0,0,0,0,0,0,0,0,0,0,0 //SL_KAAHI#Kahai#
464,0,0,20:30:40,0,0,0,99,0,0,none,0,0,0,0,0,0,0,0,0,0,0,0,0,0,0,0,0,0,0,0,0 //SL_KAUPE#Kauf#
465,0,0,70,0,0,0,99,0,0,none,0,0,0,0,0,0,0,0,0,0,0,0,0,0,0,0,0,0,0,0,0 //SL_KAITE#Kaite#
467,0,0,18:20:22:24:26:28:30,0,0,0,99,0,0,none,0,0,0,0,0,0,0,0,0,0,0,0,0,0,0,0,0,0,0,0,0	//SL_STIN#Estin#
468,0,0,18:20:22:24:26:28:30,0,0,0,99,0,0,none,0,0,0,0,0,0,0,0,0,0,0,0,0,0,0,0,0,0,0,0,0	//SL_STUN#Estern#
469,0,0,8:16:24:32:40:48:56:64:72:80,0,0,0,99,0,0,none,0,0,0,0,0,0,0,0,0,0,0,0,0,0,0,0,0,0,0,0,0	//SL_SMA
470,0,0,75:65:55:45:35:25:15,0,0,0,99,0,0,none,0,0,0,0,0,0,0,0,0,0,0,0,0,0,0,0,0,0,0,0,0 //SL_SWOO#Esu#
471,0,0,55:35:15,0,0,0,99,0,0,none,0,7524,1,0,0,0,0,0,0,0,0,0,0,0,0,0,0,0,0,0,0 //SL_SKE#Esk#
472,0,0,100:80:60,0,0,0,99,0,0,none,0,0,0,0,0,0,0,0,0,0,0,0,0,0,0,0,0,0,0,0,0 //SL_SKA#Eska#

475,0,0,30,0,0,0,99,0,0,none,0,0,0,0,0,0,0,0,0,0,0,0,0,0,0,0,0,0,0,0,0	//ST_PRESERVE##
476,0,0,22:24:26:28:30,0,0,0,99,0,0,none,0,0,0,0,0,0,0,0,0,0,0,0,0,0,0,0,0,0,0,0,0	//ST_FULLSTRIP##
477,0,0,5,0,0,0,99,0,0,none,0,0,0,0,0,0,0,0,0,0,0,0,0,0,0,0,0,0,0,0,0	//WS_WEAPONREFINE##
478,0,0,30,0,0,0,99,0,0,none,0,545,1,545,1,545,1,545,1,545,1,546,1,546,1,546,1,546,1,547,1	//CR_SLIMPITCHER##
479,0,0,40,0,0,0,99,0,0,none,0,7139,1,0,0,0,0,0,0,0,0,0,0,0,0,0,0,0,0,0,0	//CR_FULLPROTECTION##
480,0,0,28:31:34:37:40,0,0,0,99,0,0,shield,0,0,0,0,0,0,0,0,0,0,0,0,0,0,0,0,0,0,0,0,0	//PA_SHIELDCHAIN##

482,0,0,40:45:50:55:60,0,0,0,99,0,0,none,0,0,0,0,0,0,0,0,0,0,0,0,0,0,0,0,0,0,0,0,0	//PF_DOUBLECASTING##
483,0,0,40,0,0,0,99,0,0,none,0,715,1,717,1,0,0,0,0,0,0,0,0,0,0,0,0,0,0,0,0	//HW_GANBANTEIN##
484,0,0,20:40:60:80:100,0,0,0,99,0,0,none,0,717,1,0,0,0,0,0,0,0,0,0,0,0,0,0,0,0,0,0,0	//HW_GRAVITATION##
485,0,0,15,0,0,600:700:800:900:1000:1100:1200:1300:1400:1500,0:1:2:3:4:5:6:7:8:9:10:12:13:14:15:16:17:18:19:20:21:22,0,0,cartboost,0,0,0,0,0,0,0,0,0,0,0,0,0,0,0,0,0,0,0,0,0	//WS_CARTTERMINATION##
486,0,0,15,0,0,3000:3500:4000:4500:5000,0:1:2:3:4:5:6:7:8:9:10:12:13:14:15:16:17:18:19:20:21:22,0,0,none,0,0,0,0,0,0,0,0,0,0,0,0,0,0,0,0,0,0,0,0,0	//WS_OVERTHRUSTMAX##
487,0,0,15,0,0,0,99,0,0,none,0,0,0,0,0,0,0,0,0,0,0,0,0,0,0,0,0,0,0,0,0	//CG_LONGINGFREEDOM##
488,0,0,20:30:40:50:60,0,0,0,13:14,0,0,none,0,0,0,0,0,0,0,0,0,0,0,0,0,0,0,0,0,0,0,0,0	//CG_HERMODE##
489,0,0,40,0,0,0,99,0,0,none,0,0,0,0,0,0,0,0,0,0,0,0,0,0,0,0,0,0,0,0,0	//CG_TAROTCARD##
490,0,0,30,0,0,0,99,0,0,none,0,7135,1,7136,1,0,0,0,0,0,0,0,0,0,0,0,0,0,0,0,0	//CR_ACIDDEMONSTRATION##
491,0,0,10,0,0,0,99,0,0,none,0,921,1,905,1,0,0,0,0,0,0,0,0,0,0,0,0,0,0,0,0	//CR_CULTIVATION##
492,0,0,1,0,0,0,99,0,0,none,0,0,0,0,0,0,0,0,0,0,0,0,0,0,0,0,0,0,0,0,0	//ITEM_ENCHANTARMS##
493,0,0,10,0,0,0,99,0,0,none,0,0,0,0,0,0,0,0,0,0,0,0,0,0,0,0,0,0,0,0,0	//TK_MISSION##
494,0,0,460:360:260:160:60,0,0,0,99,0,0,none,0,0,0,0,0,0,0,0,0,0,0,0,0,0,0,0,0,0,0,0,0	//SL_HIGH##
495,0,0,100,0,0,0,2,0,0,none,0,0,0,0,0,0,0,0,0,0,0,0,0,0,0,0,0,0,0,0,0	//KN_ONEHAND##
496,0,0,200,0,0,0,99,0,0,none,0,7134,200,0,0,0,0,0,0,0,0,0,0,0,0,0,0,0,0,0,0	//AM_TWILIGHT1##
497,0,0,200,0,0,0,99,0,0,none,0,7134,200,0,0,0,0,0,0,0,0,0,0,0,0,0,0,0,0,0,0	//AM_TWILIGHT2##
498,0,0,200,0,0,0,99,0,0,none,0,7134,200,0,0,0,0,0,0,0,0,0,0,0,0,0,0,0,0,0,0	//AM_TWILIGHT3##
499,0,0,12,0,0,0,11,1,1,none,0,0,0,0,0,0,0,0,0,0,0,0,0,0,0,0,0,0,0,0,0	//HT_POWER##
500,0,0,2,0,0,1,99,0,0,none,0,0,0,0,0,0,0,0,0,0,0,0,0,0,0,0,0,0,0,0,0	//GS_GLITTERING
501,0,0,10,0,0,0,99,0,0,none,5,0,0,0,0,0,0,0,0,0,0,0,0,0,0,0,0,0,0,0,0	//GS_FLING
502,0,0,20,0,0,0,99,99,1,none,1,0,0,0,0,0,0,0,0,0,0,0,0,0,0,0,0,0,0,0,0	//GS_TRIPLEACTION
503,0,0,30,0,0,0,99,99,1,none,1,0,0,0,0,0,0,0,0,0,0,0,0,0,0,0,0,0,0,0,0	//GS_BULLSEYE
504,0,0,30,0,0,0,99,0,0,none,4,0,0,0,0,0,0,0,0,0,0,0,0,0,0,0,0,0,0,0,0	//GS_MADNESSCANCEL
505,0,0,15,0,0,0,99,0,0,none,2,0,0,0,0,0,0,0,0,0,0,0,0,0,0,0,0,0,0,0,0	//GS_ADJUSTMENT
506,0,0,30,0,0,0,99,0,0,none,4,0,0,0,0,0,0,0,0,0,0,0,0,0,0,0,0,0,0,0,0	//GS_INCREASING
507,0,0,7,0,0,0,99,0,0,none,1,0,0,0,0,0,0,0,0,0,0,0,0,0,0,0,0,0,0,0,0	//GS_MAGICALBULLET
508,0,0,10,0,0,0,99,99,1,none,1,0,0,0,0,0,0,0,0,0,0,0,0,0,0,0,0,0,0,0,0	//GS_CRACKER
512,0,0,15:20:25:30:35:40:45:50:55:60,0,0,0,17:18,3,1,none,0,0,0,0,0,0,0,0,0,0,0,0,0,0,0,0,0,0,0,0,0	//GS_TRACKING
513,0,0,15:20:25:30:35,0,0,0,17:18,3,1,none,0,0,0,0,0,0,0,0,0,0,0,0,0,0,0,0,0,0,0,0,0	//GS_DISARM
514,0,0,11:12:13:14:15,0,0,0,17:18,3,1,none,0,0,0,0,0,0,0,0,0,0,0,0,0,0,0,0,0,0,0,0,0	//GS_PIERCINGSHOT
515,0,0,22:24:26:28:30:32:34:36:38:40,0,0,0,17,3,5,none,0,0,0,0,0,0,0,0,0,0,0,0,0,0,0,0,0,0,0,0,0	//GS_RAPIDSHOWER
516,0,0,32:34:36:38:40:42:44:46:48:50,0,0,0,17,3,10,none,0,0,0,0,0,0,0,0,0,0,0,0,0,0,0,0,0,0,0,0,0	//GS_DESPERADO
517,0,0,30:32:34:36:38:40:42:44:46:48,0,0,0,19,0,0,none,0,0,0,0,0,0,0,0,0,0,0,0,0,0,0,0,0,0,0,0,0	//GS_GATLINGFEVER
518,0,0,3:6:9:12:15:18:21:24:27:30,0,0,0,20,3,1,none,0,0,0,0,0,0,0,0,0,0,0,0,0,0,0,0,0,0,0,0,0	//GS_DUST
519,0,0,20:25:30:35:40:45:50:55:60:65,0,0,0,20,3,2:2:4:4:6:6:8:8:10:10,none,0,0,0,0,0,0,0,0,0,0,0,0,0,0,0,0,0,0,0,0,0	//GS_FULLBUSTER
520,0,0,15:20:25:30:35:40:45:50:55:60,0,0,0,20,3,5,none,0,0,0,0,0,0,0,0,0,0,0,0,0,0,0,0,0,0,0,0,0	//GS_SPREADATTACK
521,0,0,4:8:12:16:20:24:28:32:36:40,0,0,0,21,5,1,none,0,0,0,0,0,0,0,0,0,0,0,0,0,0,0,0,0,0,0,0,0	//GS_GROUNDDRIFT
523,0,0,2,0,0,0,99,6,1,none,0,0,0,0,0,0,0,0,0,0,0,0,0,0,0,0,0,0,0,0,0	//NJ_SYURIKEN
524,0,0,30:25:20:15:10,0,0,0,99,7,1,none,0,0,0,0,0,0,0,0,0,0,0,0,0,0,0,0,0,0,0,0,0	//NJ_KUNAI
525,0,0,20:25:30:35:40,0,0,0,22,0,0,none,0,0,0,0,0,0,0,0,0,0,0,0,0,0,0,0,0,0,0,0,0	//NJ_HUUMA
526,0,0,50,0,0,500:1000:1500:2000:2500:3000:3500:4000:4500:5000,99,0,0,none,0,0,0,0,0,0,0,0,0,0,0,0,0,0,0,0,0,0,0,0,0	//NJ_ZENYNAGE
527,0,0,15,0,0,0,99,0,0,none,0,0,0,0,0,0,0,0,0,0,0,0,0,0,0,0,0,0,0,0,0	//NJ_TATAMIGAESHI
528,0,0,10:12:14:16:18:20:22:24:26:28,0,0,0,99,0,0,none,0,0,0,0,0,0,0,0,0,0,0,0,0,0,0,0,0,0,0,0,0	//NJ_KASUMIKIRI
529,0,0,10,0,0,0,99,0,0,hiding,0,0,0,0,0,0,0,0,0,0,0,0,0,0,0,0,0,0,0,0,0	//NJ_SHADOWJUMP
530,0,0,14:16:18:20:22,0,0,0,99,0,0,hiding,0,0,0,0,0,0,0,0,0,0,0,0,0,0,0,0,0,0,0,0,0	//NJ_KIRIKAGE
531,0,0,12:15:18:21:24,0,0,0,99,0,0,none,0,0,0,0,0,0,0,0,0,0,0,0,0,0,0,0,0,0,0,0,0	//NJ_UTSUSEMI
532,0,0,30:32:34:36:38:40:42:44:46:48,0,0,0,99,0,0,none,0,7524,1,0,0,0,0,0,0,0,0,0,0,0,0,0,0,0,0,0,0	//NJ_BUNSINJYUTSU
533,0,0,10,0,0,0,99,0,0,none,0,0,0,0,0,0,0,0,0,0,0,0,0,0,0,0,0,0,0,0,0	//NJ_NINPOU
534,0,0,18:20:22:24:26:28:30:32:34:36,0,0,0,99,0,0,none,0,0,0,0,0,0,0,0,0,0,0,0,0,0,0,0,0,0,0,0,0	//NJ_KOUENKA
535,0,0,25,0,0,0,99,0,0,none,0,7521,1,0,0,0,0,0,0,0,0,0,0,0,0,0,0,0,0,0,0	//NJ_KAENSIN
536,0,0,20:25:30:35:40,0,0,0,99,0,0,none,0,7521,1,0,0,0,0,0,0,0,0,0,0,0,0,0,0,0,0,0,0	//NJ_BAKUENRYU
537,0,0,15:18:21:24:27:30:33:36:39:42,0,0,0,99,0,0,none,0,0,0,0,0,0,0,0,0,0,0,0,0,0,0,0,0,0,0,0,0	//NJ_HYOUSENSOU
538,0,0,15:18:21:24:27:30:33:36:39:42,0,0,0,99,0,0,none,0,7522,1,0,0,0,0,0,0,0,0,0,0,0,0,0,0,0,0,0,0	//NJ_SUITON
539,0,0,40:45:50:55:60,0,0,0,99,0,0,none,0,7522,1,0,0,0,0,0,0,0,0,0,0,0,0,0,0,0,0,0,0	//NJ_HYOUSYOURAKU
540,0,0,12:14:16:18:20:22:24:26:28:30,0,0,0,99,0,0,none,0,0,0,0,0,0,0,0,0,0,0,0,0,0,0,0,0,0,0,0,0	//NJ_HUUJIN
541,0,0,16:20:24:28:32,0,0,0,99,0,0,none,0,7523,1,0,0,0,0,0,0,0,0,0,0,0,0,0,0,0,0,0,0	//NJ_RAIGEKISAI
542,0,0,24:28:32:36:40,0,0,0,99,0,0,none,0,7523,1,0,0,0,0,0,0,0,0,0,0,0,0,0,0,0,0,0,0	//NJ_KAMAITACHI
543,0,0,20:30:40:50:60,-5,0,0,99,0,0,none,0,0,0,0,0,0,0,0,0,0,0,0,0,0,0,0,0,0,0,0,0	//NJ_NEN
544,0,0,55:60:65:70:75:80:85:90:95:100,0,0,0,99,0,0,none,0,0,0,0,0,0,0,0,0,0,0,0,0,0,0,0,0,0,0,0,0	//NJ_ISSEN

698,0,0,1,0,0,0,99,0,0,none,0,0,0,0,0,0,0,0,0,0,0,0,0,0,0,0,0,0,0,0,0	//ALL_WEWISH#Christmas Carol

1001,0,0,40,0,0,0,99,0,0,none,0,0,0,0,0,0,0,0,0,0,0,0,0,0,0,0,0,0,0,0,0	//KN_CHARGEATK#チャ?[ジアタック#
1002,0,0,15,0,0,0,99,0,0,shield,0,0,0,0,0,0,0,0,0,0,0,0,0,0,0,0,0,0,0,0,0	//CR_SHRINK#シュリンク#
1004,0,0,15,0,0,0,99,2,1,none,0,0,0,0,0,0,0,0,0,0,0,0,0,0,0,0,0,0,0,0,0	//AS_VENOMKNIFE#ベナムナイフ#
1005,0,0,25,0,0,0,99,0,0,none,0,0,0,0,0,0,0,0,0,0,0,0,0,0,0,0,0,0,0,0,0	//RG_CLOSECONFINE#ク??[ズコンファイン#
1006,0,0,40,0,0,0,99,0,0,none,0,0,0,0,0,0,0,0,0,0,0,0,0,0,0,0,0,0,0,0,0	//WZ_SIGHTBLASTER#サイトブラスタ?[#
1007,0,0,30,0,0,0,99,0,0,none,0,0,0,0,0,0,0,0,0,0,0,0,0,0,0,0,0,0,0,0,0	//SA_CREATECON#エルレ?ンタルコンバ?[タ?ｻ・
1008,0,0,30,0,0,0,99,0,0,none,0,12115,1,0,0,0,0,0,0,0,0,0,0,0,0,0,0,0,0,0,0	//SA_ELEMENTWATER#エルレ?ンタルチェンジ#
1009,0,0,10,0,0,0,11,0,0,none,0,0,0,0,0,0,0,0,0,0,0,0,0,0,0,0,0,0,0,0,0	//HT_PHANTASMIC#ファンタスミックア??[#
1010,0,0,20,0,0,0,99,0,0,none,0,0,0,0,0,0,0,0,0,0,0,0,0,0,0,0,0,0,0,0,0	//BA_PANGVOICE#パンボイス#
1011,0,0,40,0,0,0,99,0,0,none,0,0,0,0,0,0,0,0,0,0,0,0,0,0,0,0,0,0,0,0,0	//DC_WINKCHARM#魅惑のウィンク#
1013,0,0,10,0,0,0,99,0,0,none,0,0,0,0,0,0,0,0,0,0,0,0,0,0,0,0,0,0,0,0,0	//BS_GREED#貪欲#
1014,0,0,400,0,0,0,99,0,0,none,0,0,0,0,0,0,0,0,0,0,0,0,0,0,0,0,0,0,0,0,0	//PR_REDEMPTIO#レデムプティオ#
1015,0,0,40,0,0,0,99,0,0,none,1,0,0,0,0,0,0,0,0,0,0,0,0,0,0,0,0,0,0,0,0	//MO_KITRANSLATION#珍奇?入(?U気?入)#
1016,10,0,20,0,0,0,99,0,0,none,0,0,0,0,0,0,0,0,0,0,0,0,0,0,0,0,0,0,0,0,0	//MO_BALKYOUNG#足? (発勁)#
1017,0,0,30,0,0,0,99,0,0,none,0,12116,1,0,0,0,0,0,0,0,0,0,0,0,0,0,0,0,0,0,0	//SA_ELEMENTGROUND
1018,0,0,30,0,0,0,99,0,0,none,0,12114,1,0,0,0,0,0,0,0,0,0,0,0,0,0,0,0,0,0,0	//SA_ELEMENTFIRE
1019,0,0,30,0,0,0,99,0,0,none,0,12117,1,0,0,0,0,0,0,0,0,0,0,0,0,0,0,0,0,0,0	//SA_ELEMENTWIND

2535,0,0,1,0,0,0,99,0,0,none,0,6377,1,0,0,0,0,0,0,0,0,0,0,0,0,0,0,0,0,0,0	//ALL_BUYING_STORE#Open Buying Store
2538,0,0,1,0,0,0,99,0,0,none,0,0,0,0,0,0,0,0,0,0,0,0,0,0,0,0,0,0,0,0,0	//ALL_RIDING#Call Mount#

10010,0,0,1,0,0,0,99,0,0,none,0,0,0,0,0,0,0,0,0,0,0,0,0,0,0,0,0,0,0,0,0	//GD_BATTLEORDER##
10011,0,0,1,0,0,0,99,0,0,none,0,0,0,0,0,0,0,0,0,0,0,0,0,0,0,0,0,0,0,0,0	//GD_REGENERATION##
10012,0,0,1,0,0,0,99,0,0,none,0,0,0,0,0,0,0,0,0,0,0,0,0,0,0,0,0,0,0,0,0	//GD_RESTORE##
10013,0,0,1,0,0,0,99,0,0,none,0,0,0,0,0,0,0,0,0,0,0,0,0,0,0,0,0,0,0,0,0	//GD_EMERGENCYCALL##

8001,0,0,13:16:19:22:25,0,0,0,99,0,0,none,0,545,1,0,0,0,0,0,0,0,0,0,0,0,0,0,0,0,0,0,0	//HLIF_HEAL
8002,0,0,20:25:30:35:40,0,0,0,99,0,0,none,0,0,0,0,0,0,0,0,0,0,0,0,0,0,0,0,0,0,0,0,0	//HLIF_AVOID
8004,0,0,100,0,0,0,99,0,0,none,0,0,0,0,0,0,0,0,0,0,0,0,0,0,0,0,0,0,0,0,0	//HLIF_CHANGE
8005,0,0,10,0,0,0,99,0,0,none,0,0,0,0,0,0,0,0,0,0,0,0,0,0,0,0,0,0,0,0,0	//HAMI_CASTLE
8006,0,0,20:25:30:35:40,0,0,0,99,0,0,none,0,0,0,0,0,0,0,0,0,0,0,0,0,0,0,0,0,0,0,0,0	//HAMI_DEFENCE
8008,0,0,120,0,0,0,99,0,0,none,0,0,0,0,0,0,0,0,0,0,0,0,0,0,0,0,0,0,0,0,0	//HAMI_BLOODLUST
8009,0,0,4:8:12:16:20,0,0,0,99,0,0,none,0,0,0,0,0,0,0,0,0,0,0,0,0,0,0,0,0,0,0,0,0	//HFLI_MOON
8010,0,0,30:40:50:60:70,0,0,0,99,0,0,none,0,0,0,0,0,0,0,0,0,0,0,0,0,0,0,0,0,0,0,0,0	//HFLI_FLEET
8011,0,0,30:40:50:60:70,0,0,0,99,0,0,none,0,0,0,0,0,0,0,0,0,0,0,0,0,0,0,0,0,0,0,0,0	//HFLI_SPEED
8012,0,0,1,0,0,0,99,0,0,none,0,0,0,0,0,0,0,0,0,0,0,0,0,0,0,0,0,0,0,0,0	//HFLI_SBR44
8013,0,0,22:24:26:28:30,0,0,0,99,0,0,none,0,0,0,0,0,0,0,0,0,0,0,0,0,0,0,0,0,0,0,0,0	//HVAN_CAPRICE
8014,0,0,40,0,0,0,99,0,0,none,0,0,0,0,0,0,0,0,0,0,0,0,0,0,0,0,0,0,0,0,0	//HVAN_CHAOTIC
8016,0,0,1,0,0,0,99,0,0,none,0,0,0,0,0,0,0,0,0,0,0,0,0,0,0,0,0,0,0,0,0	//HVAN_EXPLOSION

8201,0,0,8:8:8:8:8:15:15:15:15:15,0,0,0,0:1:2:3:4:5:6:7:8:9:10:12:13:14:15:16:17:18:19:20:21:22,0,0,none,0,0,0,0,0,0,0,0,0,0,0,0,0,0,0,0,0,0,0,0,0	//MS_BASH
8202,20:20:19:19:18:18:17:17:16:16,0,30,0,0,0,99,0,0,none,0,0,0,0,0,0,0,0,0,0,0,0,0,0,0,0,0,0,0,0,0	//MS_MAGNUM
8203,0,0,13:14:15:16:17:18:19:20:21:22,0,0,0,99,0,0,none,0,0,0,0,0,0,0,0,0,0,0,0,0,0,0,0,0,0,0,0,0	//MS_BOWLINGBASH
8204,0,0,50,0,0,0,99,0,0,none,0,0,0,0,0,0,0,0,0,0,0,0,0,0,0,0,0,0,0,0,0	//MS_PARRYING
8205,0,0,35:40:45:50:55:60:65:70:75:80,0,0,0,99,0,0,none,0,0,0,0,0,0,0,0,0,0,0,0,0,0,0,0,0,0,0,0,0	//MS_REFLECTSHIELD
8206,0,0,100,0,0,0,99,0,0,none,0,0,0,0,0,0,0,0,0,0,0,0,0,0,0,0,0,0,0,0,0	//MS_BERSERK
8207,0,0,12,0,0,0,99,1,1,none,0,0,0,0,0,0,0,0,0,0,0,0,0,0,0,0,0,0,0,0,0	//MA_DOUBLE
8208,0,0,15,0,0,0,99,1,1,none,0,0,0,0,0,0,0,0,0,0,0,0,0,0,0,0,0,0,0,0,0	//MA_SHOWER
8209,0,0,10,0,0,0,99,0,0,none,0,0,0,0,0,0,0,0,0,0,0,0,0,0,0,0,0,0,0,0,0	//MA_SKIDTRAP
8210,0,0,10,0,0,0,99,0,0,none,0,0,0,0,0,0,0,0,0,0,0,0,0,0,0,0,0,0,0,0,0	//MA_LANDMINE
8211,0,0,12,0,0,0,99,0,0,none,0,0,0,0,0,0,0,0,0,0,0,0,0,0,0,0,0,0,0,0,0	//MA_SANDMAN
8212,0,0,10,0,0,0,99,0,0,none,0,0,0,0,0,0,0,0,0,0,0,0,0,0,0,0,0,0,0,0,0	//MA_FREEZINGTRAP
8213,0,0,5,0,0,0,99,0,0,none,0,0,0,0,0,0,0,0,0,0,0,0,0,0,0,0,0,0,0,0,0	//MA_REMOVETRAP
8214,0,0,15,0,0,0,99,1,1,none,0,0,0,0,0,0,0,0,0,0,0,0,0,0,0,0,0,0,0,0,0	//MA_CHARGEARROW
8215,0,0,18:21:24:27:30,0,0,0,99,1,1,none,0,0,0,0,0,0,0,0,0,0,0,0,0,0,0,0,0,0,0,0,0		//MA_SHARPSHOOTING
8216,0,0,7,0,0,0,99,0,0,none,0,0,0,0,0,0,0,0,0,0,0,0,0,0,0,0,0,0,0,0,0	//ML_PIERCE
8217,0,0,12,0,0,0,99,0,0,none,0,0,0,0,0,0,0,0,0,0,0,0,0,0,0,0,0,0,0,0,0	//ML_BRANDISH
8218,0,0,18:21:24:27:30,0,0,0,99,0,0,none,0,0,0,0,0,0,0,0,0,0,0,0,0,0,0,0,0,0,0,0,0	//ML_SPIRALPIERCE
8219,0,0,30,0,0,0,99,0,0,shield,0,0,0,0,0,0,0,0,0,0,0,0,0,0,0,0,0,0,0,0,0	//ML_DEFENDER
8220,0,0,12:14:16:18:20:22:24:26:28:30,0,0,0,99,0,0,none,0,0,0,0,0,0,0,0,0,0,0,0,0,0,0,0,0,0,0,0,0	//ML_AUTOGUARD
8221,0,0,25,0,0,0,99,0,0,none,0,0,0,0,0,0,0,0,0,0,0,0,0,0,0,0,0,0,0,0,0	//ML_DEVOTION
8222,0,0,40,0,0,0,99,0,0,none,0,0,0,0,0,0,0,0,0,0,0,0,0,0,0,0,0,0,0,0,0	//MER_MAGNIFICAT
8223,0,0,14:18:22:26:30:34:38:42:46:50,0,0,0,99,0,0,none,0,0,0,0,0,0,0,0,0,0,0,0,0,0,0,0,0,0,0,0,0	//MER_QUICKEN
8224,0,0,10,0,0,0,99,0,0,none,0,0,0,0,0,0,0,0,0,0,0,0,0,0,0,0,0,0,0,0,0	//MER_SIGHT
8225,0,0,10,0,0,0,99,0,0,none,0,0,0,0,0,0,0,0,0,0,0,0,0,0,0,0,0,0,0,0,0	//MER_CRASH
8226,0,0,10,0,0,0,99,0,0,none,0,0,0,0,0,0,0,0,0,0,0,0,0,0,0,0,0,0,0,0,0	//MER_REGAIN
8227,0,0,10,0,0,0,99,0,0,none,0,0,0,0,0,0,0,0,0,0,0,0,0,0,0,0,0,0,0,0,0	//MER_TENDER
8228,0,0,10,0,0,0,99,0,0,none,0,0,0,0,0,0,0,0,0,0,0,0,0,0,0,0,0,0,0,0,0	//MER_BENEDICTION
8229,0,0,10,0,0,0,99,0,0,none,0,0,0,0,0,0,0,0,0,0,0,0,0,0,0,0,0,0,0,0,0	//MER_RECUPERATE
8230,0,0,10,0,0,0,99,0,0,none,0,0,0,0,0,0,0,0,0,0,0,0,0,0,0,0,0,0,0,0,0	//MER_MENTALCURE
8231,0,0,10,0,0,0,99,0,0,none,0,0,0,0,0,0,0,0,0,0,0,0,0,0,0,0,0,0,0,0,0	//MER_COMPRESS
8232,0,0,4:5:6:7:8:9:10:11:12:13,0,0,0,99,0,0,none,0,0,0,0,0,0,0,0,0,0,0,0,0,0,0,0,0,0,0,0,0	//MER_PROVOKE
8233,0,0,5,0,0,0,99,0,0,none,0,0,0,0,0,0,0,0,0,0,0,0,0,0,0,0,0,0,0,0,0	//MER_AUTOBERSERK
8234,0,0,15:17:19:21:23:25:27:29:31:33,0,0,0,99,0,0,none,0,0,0,0,0,0,0,0,0,0,0,0,0,0,0,0,0,0,0,0,0		//MER_DECAGI
8235,0,0,10,100,0,0,99,0,0,none,0,0,0,0,0,0,0,0,0,0,0,0,0,0,0,0,0,0,0,0,0	//MER_SCAPEGOAT
8236,0,0,20:20:20:20:20:18:16:14:12:10,0,0,0,99,0,0,none,0,0,0,0,0,0,0,0,0,0,0,0,0,0,0,0,0,0,0,0,0	//MER_LEXDIVINA
8237,0,0,10,0,0,0,99,0,0,none,0,0,0,0,0,0,0,0,0,0,0,0,0,0,0,0,0,0,0,0,0	//MER_ESTIMATION
8238,0,0,20:20:20:25:25:25:30:30:30:35,0,0,0,99,0,0,none,0,0,0,0,0,0,0,0,0,0,0,0,0,0,0,0,0,0,0,0,0	//MER_KYRIE
8239,0,0,28:32:36:40:44:48:52:56:60:64,0,0,0,99,0,0,none,0,0,0,0,0,0,0,0,0,0,0,0,0,0,0,0,0,0,0,0,0	//MER_BLESSING
8240,15,0,18:21:24:27:30:33:36:39:42:45,0,0,0,99,0,0,none,0,0,0,0,0,0,0,0,0,0,0,0,0,0,0,0,0,0,0,0,0	//MER_INCAGI
